image: map5.png
resolution: 1.0
origin: [0.000000, 0.000000, 0.0]
occupied_thresh: 0.65
free_thresh: 0.196
negate: 0
